,num_time_steps,num_updates,num_epoch_updates,num_mini_batch_updates,num_samples,average_return,real_time
0,0.000000,0.000000,0.000000,0.000000,0.000000,-194.047575,2.000000
1,3000000.000000,1214.000000,6070.000000,12140.000000,12431360.000000,1404.256009,2244.000000
2,6000000.000000,2428.000000,12140.000000,24280.000000,24862720.000000,3082.009446,4474.000000
3,9000000.000000,3642.000000,18210.000000,36420.000000,37294080.000000,4160.851252,6683.000000
4,12000000.000000,4856.000000,24280.000000,48560.000000,49725440.000000,4967.775375,8891.000000
5,15000000.000000,6070.000000,30350.000000,60700.000000,62156800.000000,4942.487165,11104.000000
6,18000000.000000,7284.000000,36420.000000,72840.000000,74588160.000000,4511.622387,13313.000000
7,21000000.000000,8498.000000,42490.000000,84980.000000,87019520.000000,5706.761620,15526.000000
8,24000000.000000,9712.000000,48560.000000,97120.000000,99450880.000000,5537.806992,17724.000000
9,27000000.000000,10926.000000,54630.000000,109260.000000,111882240.000000,5712.025302,19898.000000
10,30000000.000000,12140.000000,60700.000000,121400.000000,124313600.000000,5401.163065,22070.000000
11,33000000.000000,13354.000000,66770.000000,133540.000000,136744960.000000,5445.335122,24243.000000
12,36000000.000000,14569.000000,72845.000000,145690.000000,149186560.000000,5935.630174,26420.000000
13,39000000.000000,15783.000000,78915.000000,157830.000000,161617920.000000,5911.397860,28588.000000
14,42000000.000000,16997.000000,84985.000000,169970.000000,174049280.000000,6037.556881,30757.000000
15,45000000.000000,18211.000000,91055.000000,182110.000000,186480640.000000,5578.686321,32927.000000
16,48000000.000000,19425.000000,97125.000000,194250.000000,198912000.000000,6229.827564,35096.000000
17,51000000.000000,20639.000000,103195.000000,206390.000000,211343360.000000,6169.809155,37268.000000
18,54000000.000000,21853.000000,109265.000000,218530.000000,223774720.000000,6143.111560,39442.000000
19,57000000.000000,23067.000000,115335.000000,230670.000000,236206080.000000,6188.709666,41611.000000
20,60000000.000000,24281.000000,121405.000000,242810.000000,248637440.000000,6226.689555,43788.000000
21,63000000.000000,25495.000000,127475.000000,254950.000000,261068800.000000,6240.487832,45965.000000
22,66000000.000000,26709.000000,133545.000000,267090.000000,273500160.000000,6271.603272,48137.000000
23,69000000.000000,27923.000000,139615.000000,279230.000000,285931520.000000,5975.786654,50308.000000
24,72000000.000000,29138.000000,145690.000000,291380.000000,298373120.000000,6254.201643,52487.000000
25,75000000.000000,30352.000000,151760.000000,303520.000000,310804480.000000,5817.522319,54662.000000
26,78000000.000000,31566.000000,157830.000000,315660.000000,323235840.000000,6190.460823,56836.000000
27,81000000.000000,32780.000000,163900.000000,327800.000000,335667200.000000,6213.467730,59011.000000
28,84000000.000000,33994.000000,169970.000000,339940.000000,348098560.000000,6237.466906,61182.000000
29,87000000.000000,35208.000000,176040.000000,352080.000000,360529920.000000,6113.469413,63353.000000
30,90000000.000000,36422.000000,182110.000000,364220.000000,372961280.000000,6434.570979,65524.000000
31,93000000.000000,37636.000000,188180.000000,376360.000000,385392640.000000,6310.664920,67700.000000
32,96000000.000000,38850.000000,194250.000000,388500.000000,397824000.000000,6234.243279,69873.000000
33,99000000.000000,40064.000000,200320.000000,400640.000000,410255360.000000,6284.633243,72047.000000
34,102000000.000000,41278.000000,206390.000000,412780.000000,422686720.000000,6288.167184,74220.000000
35,105000000.000000,42492.000000,212460.000000,424920.000000,435118080.000000,6412.587587,76395.000000
36,108000000.000000,43707.000000,218535.000000,437070.000000,447559680.000000,5644.852778,78572.000000
37,111000000.000000,44921.000000,224605.000000,449210.000000,459991040.000000,5206.989791,80748.000000
38,114000000.000000,46135.000000,230675.000000,461350.000000,472422400.000000,5835.022879,82926.000000
39,117000000.000000,47349.000000,236745.000000,473490.000000,484853760.000000,6435.121405,85103.000000
40,120000000.000000,48563.000000,242815.000000,485630.000000,497285120.000000,5702.482777,87276.000000
41,123000000.000000,49777.000000,248885.000000,497770.000000,509716480.000000,6149.355623,89449.000000
42,126000000.000000,50991.000000,254955.000000,509910.000000,522147840.000000,6572.121237,91623.000000
43,129000000.000000,52205.000000,261025.000000,522050.000000,534579200.000000,5176.302875,93795.000000
44,132000000.000000,53419.000000,267095.000000,534190.000000,547010560.000000,6167.476538,95970.000000
45,135000000.000000,54633.000000,273165.000000,546330.000000,559441920.000000,5432.575071,98142.000000
46,138000000.000000,55847.000000,279235.000000,558470.000000,571873280.000000,5823.567499,100318.000000
47,141000000.000000,57061.000000,285305.000000,570610.000000,584304640.000000,5881.951627,102489.000000
48,144000000.000000,58276.000000,291380.000000,582760.000000,596746240.000000,6213.522549,104780.000000
49,147000000.000000,59490.000000,297450.000000,594900.000000,609177600.000000,6315.065488,107300.000000
50,150000000.000000,60704.000000,303520.000000,607040.000000,621608960.000000,6528.937591,109873.000000
51,153000000.000000,61918.000000,309590.000000,619180.000000,634040320.000000,6410.017470,112440.000000
52,156000000.000000,63132.000000,315660.000000,631320.000000,646471680.000000,6600.612482,115011.000000
53,159000000.000000,64346.000000,321730.000000,643460.000000,658903040.000000,6368.723056,117581.000000
54,162000000.000000,65560.000000,327800.000000,655600.000000,671334400.000000,6300.555866,120135.000000
55,165000000.000000,66774.000000,333870.000000,667740.000000,683765760.000000,5917.009716,122699.000000
56,168000000.000000,67988.000000,339940.000000,679880.000000,696197120.000000,6625.559382,125266.000000
57,171000000.000000,69202.000000,346010.000000,692020.000000,708628480.000000,6124.115656,127838.000000
58,174000000.000000,70416.000000,352080.000000,704160.000000,721059840.000000,6080.771948,130404.000000
59,177000000.000000,71630.000000,358150.000000,716300.000000,733491200.000000,6073.647288,132967.000000
60,180000000.000000,72845.000000,364225.000000,728450.000000,745932800.000000,6487.327757,135547.000000
61,183000000.000000,74059.000000,370295.000000,740590.000000,758364160.000000,6096.223779,138123.000000
62,186000000.000000,75273.000000,376365.000000,752730.000000,770795520.000000,6524.999510,140690.000000
63,189000000.000000,76487.000000,382435.000000,764870.000000,783226880.000000,6222.326137,143259.000000
64,192000000.000000,77701.000000,388505.000000,777010.000000,795658240.000000,6182.658569,145826.000000
65,195000000.000000,78915.000000,394575.000000,789150.000000,808089600.000000,6022.974053,148393.000000
66,198000000.000000,80129.000000,400645.000000,801290.000000,820520960.000000,6558.908273,150963.000000
67,201000000.000000,81343.000000,406715.000000,813430.000000,832952320.000000,6639.421833,153479.000000
68,204000000.000000,82557.000000,412785.000000,825570.000000,845383680.000000,6474.435994,155721.000000
69,207000000.000000,83771.000000,418855.000000,837710.000000,857815040.000000,6121.420479,157904.000000
70,210000000.000000,84985.000000,424925.000000,849850.000000,870246400.000000,6638.442656,160088.000000
71,213000000.000000,86199.000000,430995.000000,861990.000000,882677760.000000,5551.375147,162269.000000
72,216000000.000000,87414.000000,437070.000000,874140.000000,895119360.000000,3971.768286,164447.000000
73,219000000.000000,88628.000000,443140.000000,886280.000000,907550720.000000,6533.530010,166626.000000
74,222000000.000000,89842.000000,449210.000000,898420.000000,919982080.000000,6447.007921,168809.000000
75,225000000.000000,91056.000000,455280.000000,910560.000000,932413440.000000,5955.220237,170986.000000
76,228000000.000000,92270.000000,461350.000000,922700.000000,944844800.000000,6262.372173,173163.000000
77,231000000.000000,93484.000000,467420.000000,934840.000000,957276160.000000,6693.683546,175344.000000
78,234000000.000000,94698.000000,473490.000000,946980.000000,969707520.000000,6640.955037,177521.000000
79,237000000.000000,95912.000000,479560.000000,959120.000000,982138880.000000,6572.933625,179697.000000
80,240000000.000000,97126.000000,485630.000000,971260.000000,994570240.000000,6272.752466,181870.000000
81,243000000.000000,98340.000000,491700.000000,983400.000000,1007001600.000000,6711.441967,184044.000000
82,246000000.000000,99554.000000,497770.000000,995540.000000,1019432960.000000,6646.976924,186212.000000
83,249000000.000000,100768.000000,503840.000000,1007680.000000,1031864320.000000,6038.480249,188385.000000
84,252000000.000000,101983.000000,509915.000000,1019830.000000,1044305920.000000,6398.596687,190564.000000
85,255000000.000000,103197.000000,515985.000000,1031970.000000,1056737280.000000,6563.364489,192733.000000
86,258000000.000000,104411.000000,522055.000000,1044110.000000,1069168640.000000,6323.078036,194906.000000
87,261000000.000000,105625.000000,528125.000000,1056250.000000,1081600000.000000,6794.072032,197078.000000
88,264000000.000000,106839.000000,534195.000000,1068390.000000,1094031360.000000,6152.783579,199250.000000
89,267000000.000000,108053.000000,540265.000000,1080530.000000,1106462720.000000,5867.993606,201423.000000
90,270000000.000000,109267.000000,546335.000000,1092670.000000,1118894080.000000,5345.763703,203598.000000
91,273000000.000000,110481.000000,552405.000000,1104810.000000,1131325440.000000,5883.791411,205775.000000
92,276000000.000000,111695.000000,558475.000000,1116950.000000,1143756800.000000,6727.331788,207946.000000
93,279000000.000000,112909.000000,564545.000000,1129090.000000,1156188160.000000,5352.114543,210117.000000
94,282000000.000000,114123.000000,570615.000000,1141230.000000,1168619520.000000,6538.023386,212289.000000
95,285000000.000000,115337.000000,576685.000000,1153370.000000,1181050880.000000,6586.146222,214465.000000
96,288000000.000000,116552.000000,582760.000000,1165520.000000,1193492480.000000,6318.950813,216643.000000
97,291000000.000000,117766.000000,588830.000000,1177660.000000,1205923840.000000,5718.659705,218815.000000
98,294000000.000000,118980.000000,594900.000000,1189800.000000,1218355200.000000,6827.187903,220987.000000
99,297000000.000000,120194.000000,600970.000000,1201940.000000,1230786560.000000,6828.610674,223158.000000
100,300000000.000000,121408.000000,607040.000000,1214080.000000,1243217920.000000,6703.119486,225333.000000
101,303000000.000000,122622.000000,613110.000000,1226220.000000,1255649280.000000,6336.822362,227503.000000
102,306000000.000000,123836.000000,619180.000000,1238360.000000,1268080640.000000,6709.685694,229673.000000
103,309000000.000000,125050.000000,625250.000000,1250500.000000,1280512000.000000,6664.211866,231847.000000
104,312000000.000000,126264.000000,631320.000000,1262640.000000,1292943360.000000,6730.894768,234018.000000
105,315000000.000000,127478.000000,637390.000000,1274780.000000,1305374720.000000,6217.814621,236193.000000
106,318000000.000000,128692.000000,643460.000000,1286920.000000,1317806080.000000,6055.471614,238368.000000
107,321000000.000000,129906.000000,649530.000000,1299060.000000,1330237440.000000,6696.549972,240542.000000
108,324000000.000000,131121.000000,655605.000000,1311210.000000,1342679040.000000,5926.986120,242716.000000
109,327000000.000000,132335.000000,661675.000000,1323350.000000,1355110400.000000,6746.162567,244887.000000
110,330000000.000000,133549.000000,667745.000000,1335490.000000,1367541760.000000,6320.096375,247063.000000
111,333000000.000000,134763.000000,673815.000000,1347630.000000,1379973120.000000,6788.746279,249241.000000
112,336000000.000000,135977.000000,679885.000000,1359770.000000,1392404480.000000,6174.837101,251415.000000
113,339000000.000000,137191.000000,685955.000000,1371910.000000,1404835840.000000,6215.568842,253590.000000
114,342000000.000000,138405.000000,692025.000000,1384050.000000,1417267200.000000,6553.233865,255771.000000
115,345000000.000000,139619.000000,698095.000000,1396190.000000,1429698560.000000,6404.872292,257950.000000
116,348000000.000000,140833.000000,704165.000000,1408330.000000,1442129920.000000,6588.222588,260130.000000
117,351000000.000000,142047.000000,710235.000000,1420470.000000,1454561280.000000,6263.509306,262305.000000
118,354000000.000000,143261.000000,716305.000000,1432610.000000,1466992640.000000,6579.226627,264482.000000
119,357000000.000000,144475.000000,722375.000000,1444750.000000,1479424000.000000,6238.174382,266655.000000
120,360000000.000000,145690.000000,728450.000000,1456900.000000,1491865600.000000,6742.709662,268825.000000
121,363000000.000000,146904.000000,734520.000000,1469040.000000,1504296960.000000,6663.633360,271003.000000
122,366000000.000000,148118.000000,740590.000000,1481180.000000,1516728320.000000,6523.982151,273178.000000
123,369000000.000000,149332.000000,746660.000000,1493320.000000,1529159680.000000,6606.678273,275351.000000
124,372000000.000000,150546.000000,752730.000000,1505460.000000,1541591040.000000,6635.573732,277530.000000
125,375000000.000000,151760.000000,758800.000000,1517600.000000,1554022400.000000,6596.991021,279713.000000
126,378000000.000000,152974.000000,764870.000000,1529740.000000,1566453760.000000,6378.412033,281889.000000
127,381000000.000000,154188.000000,770940.000000,1541880.000000,1578885120.000000,6594.886785,284064.000000
128,384000000.000000,155402.000000,777010.000000,1554020.000000,1591316480.000000,6439.667268,286234.000000
129,387000000.000000,156616.000000,783080.000000,1566160.000000,1603747840.000000,5991.276531,288400.000000
130,390000000.000000,157830.000000,789150.000000,1578300.000000,1616179200.000000,6349.037524,290569.000000
131,393000000.000000,159044.000000,795220.000000,1590440.000000,1628610560.000000,6213.058817,292745.000000
132,396000000.000000,160259.000000,801295.000000,1602590.000000,1641052160.000000,6683.168479,294913.000000
133,399000000.000000,161473.000000,807365.000000,1614730.000000,1653483520.000000,6803.425617,297083.000000
134,402000000.000000,162687.000000,813435.000000,1626870.000000,1665914880.000000,6472.399060,299258.000000
135,405000000.000000,163901.000000,819505.000000,1639010.000000,1678346240.000000,6685.204862,301424.000000
136,408000000.000000,165115.000000,825575.000000,1651150.000000,1690777600.000000,6191.464035,303585.000000
137,411000000.000000,166329.000000,831645.000000,1663290.000000,1703208960.000000,6568.848606,305739.000000
138,414000000.000000,167543.000000,837715.000000,1675430.000000,1715640320.000000,6729.043174,307898.000000
139,417000000.000000,168757.000000,843785.000000,1687570.000000,1728071680.000000,5943.153041,310058.000000
140,420000000.000000,169971.000000,849855.000000,1699710.000000,1740503040.000000,6529.221610,312221.000000
141,423000000.000000,171185.000000,855925.000000,1711850.000000,1752934400.000000,6603.178374,314384.000000
142,426000000.000000,172399.000000,861995.000000,1723990.000000,1765365760.000000,6769.842653,316541.000000
143,429000000.000000,173613.000000,868065.000000,1736130.000000,1777797120.000000,6110.121566,318702.000000
144,432000000.000000,174828.000000,874140.000000,1748280.000000,1790238720.000000,6759.260771,320861.000000
145,435000000.000000,176042.000000,880210.000000,1760420.000000,1802670080.000000,6260.430982,323018.000000
146,438000000.000000,177256.000000,886280.000000,1772560.000000,1815101440.000000,6218.569767,325179.000000
147,441000000.000000,178470.000000,892350.000000,1784700.000000,1827532800.000000,6662.877311,327338.000000
148,444000000.000000,179684.000000,898420.000000,1796840.000000,1839964160.000000,6775.639330,329498.000000
149,447000000.000000,180898.000000,904490.000000,1808980.000000,1852395520.000000,6711.436695,331662.000000
150,450000000.000000,182112.000000,910560.000000,1821120.000000,1864826880.000000,6943.596814,333822.000000
151,453000000.000000,183326.000000,916630.000000,1833260.000000,1877258240.000000,6651.268887,335986.000000
152,456000000.000000,184540.000000,922700.000000,1845400.000000,1889689600.000000,6645.479013,338157.000000
153,459000000.000000,185754.000000,928770.000000,1857540.000000,1902120960.000000,6526.656289,340330.000000
154,462000000.000000,186968.000000,934840.000000,1869680.000000,1914552320.000000,6518.597244,342500.000000
155,465000000.000000,188182.000000,940910.000000,1881820.000000,1926983680.000000,6871.639338,344668.000000
156,468000000.000000,189397.000000,946985.000000,1893970.000000,1939425280.000000,6583.755766,346828.000000
157,471000000.000000,190611.000000,953055.000000,1906110.000000,1951856640.000000,6892.925235,348998.000000
158,474000000.000000,191825.000000,959125.000000,1918250.000000,1964288000.000000,6845.330281,351144.000000
159,477000000.000000,193039.000000,965195.000000,1930390.000000,1976719360.000000,6160.629428,353298.000000
160,480000000.000000,194253.000000,971265.000000,1942530.000000,1989150720.000000,6319.738336,355450.000000
161,483000000.000000,195467.000000,977335.000000,1954670.000000,2001582080.000000,6401.841073,357598.000000
162,486000000.000000,196681.000000,983405.000000,1966810.000000,2014013440.000000,6575.789847,359751.000000
163,489000000.000000,197895.000000,989475.000000,1978950.000000,2026444800.000000,6455.411595,361901.000000
164,492000000.000000,199109.000000,995545.000000,1991090.000000,2038876160.000000,6548.307238,364053.000000
165,495000000.000000,200323.000000,1001615.000000,2003230.000000,2051307520.000000,6423.774907,366209.000000
166,498000000.000000,201537.000000,1007685.000000,2015370.000000,2063738880.000000,6689.297829,368372.000000
167,501000000.000000,202751.000000,1013755.000000,2027510.000000,2076170240.000000,6294.329556,370521.000000
168,504000000.000000,203966.000000,1019830.000000,2039660.000000,2088611840.000000,5978.396121,372679.000000
169,507000000.000000,205180.000000,1025900.000000,2051800.000000,2101043200.000000,5694.702305,374833.000000
170,510000000.000000,206394.000000,1031970.000000,2063940.000000,2113474560.000000,6908.802092,376986.000000
171,513000000.000000,207608.000000,1038040.000000,2076080.000000,2125905920.000000,6399.297116,379150.000000
172,516000000.000000,208822.000000,1044110.000000,2088220.000000,2138337280.000000,6121.628124,381307.000000
173,519000000.000000,210036.000000,1050180.000000,2100360.000000,2150768640.000000,6698.922399,383469.000000
174,522000000.000000,211250.000000,1056250.000000,2112500.000000,2163200000.000000,6808.555886,385643.000000
175,525000000.000000,212464.000000,1062320.000000,2124640.000000,2175631360.000000,6736.936153,387816.000000
176,528000000.000000,213678.000000,1068390.000000,2136780.000000,2188062720.000000,6046.700565,389990.000000
177,531000000.000000,214892.000000,1074460.000000,2148920.000000,2200494080.000000,6757.386106,392165.000000
178,534000000.000000,216106.000000,1080530.000000,2161060.000000,2212925440.000000,6684.468473,394336.000000
179,537000000.000000,217320.000000,1086600.000000,2173200.000000,2225356800.000000,6209.657603,396505.000000
180,540000000.000000,218535.000000,1092675.000000,2185350.000000,2237798400.000000,6820.933007,398677.000000
181,543000000.000000,219749.000000,1098745.000000,2197490.000000,2250229760.000000,6840.782992,400849.000000
182,546000000.000000,220963.000000,1104815.000000,2209630.000000,2262661120.000000,6775.481945,403020.000000
183,549000000.000000,222177.000000,1110885.000000,2221770.000000,2275092480.000000,6841.825991,405189.000000
184,552000000.000000,223391.000000,1116955.000000,2233910.000000,2287523840.000000,5927.198454,407358.000000
185,555000000.000000,224605.000000,1123025.000000,2246050.000000,2299955200.000000,6397.571055,409530.000000
186,558000000.000000,225819.000000,1129095.000000,2258190.000000,2312386560.000000,6140.486812,411699.000000
187,561000000.000000,227033.000000,1135165.000000,2270330.000000,2324817920.000000,6732.123840,413868.000000
188,564000000.000000,228247.000000,1141235.000000,2282470.000000,2337249280.000000,6524.478791,416036.000000
189,567000000.000000,229461.000000,1147305.000000,2294610.000000,2349680640.000000,6766.043317,418197.000000
190,570000000.000000,230675.000000,1153375.000000,2306750.000000,2362112000.000000,6829.940168,420363.000000
191,573000000.000000,231889.000000,1159445.000000,2318890.000000,2374543360.000000,6817.854644,422515.000000
192,576000000.000000,233104.000000,1165520.000000,2331040.000000,2386984960.000000,6329.980556,424679.000000
193,579000000.000000,234318.000000,1171590.000000,2343180.000000,2399416320.000000,6698.767349,426842.000000
194,582000000.000000,235532.000000,1177660.000000,2355320.000000,2411847680.000000,6884.540719,429007.000000
195,585000000.000000,236746.000000,1183730.000000,2367460.000000,2424279040.000000,5718.700224,431163.000000
196,588000000.000000,237960.000000,1189800.000000,2379600.000000,2436710400.000000,6877.389652,433316.000000
197,591000000.000000,239174.000000,1195870.000000,2391740.000000,2449141760.000000,6790.241022,435469.000000
198,594000000.000000,240388.000000,1201940.000000,2403880.000000,2461573120.000000,6740.561319,437640.000000
199,597000000.000000,241602.000000,1208010.000000,2416020.000000,2474004480.000000,6341.832810,439810.000000
200,600000000.000000,242816.000000,1214080.000000,2428160.000000,2486435840.000000,6754.493905,441944.000000
201,600000000.000000,242816.000000,1214080.000000,2428160.000000,2486435840.000000,452.553964,1.000000
202,600005000.000000,242818.000000,1214090.000000,2428180.000000,2486456320.000000,860.705585,7.000000
203,600010000.000000,242820.000000,1214100.000000,2428200.000000,2486476800.000000,626.106758,12.000000
204,600015000.000000,242822.000000,1214110.000000,2428220.000000,2486497280.000000,689.690342,18.000000
205,600020000.000000,242824.000000,1214120.000000,2428240.000000,2486517760.000000,1059.880954,25.000000
206,600025000.000000,242826.000000,1214130.000000,2428260.000000,2486538240.000000,1585.094391,31.000000
207,600030000.000000,242828.000000,1214140.000000,2428280.000000,2486558720.000000,819.069824,38.000000
208,600035000.000000,242830.000000,1214150.000000,2428300.000000,2486579200.000000,1696.219013,45.000000
209,600040000.000000,242832.000000,1214160.000000,2428320.000000,2486599680.000000,1696.118894,52.000000
210,600045000.000000,242834.000000,1214170.000000,2428340.000000,2486620160.000000,2536.461554,61.000000
211,600050000.000000,242836.000000,1214180.000000,2428360.000000,2486640640.000000,1990.118920,68.000000
212,600055000.000000,242838.000000,1214190.000000,2428380.000000,2486661120.000000,3575.942015,78.000000
213,600060000.000000,242840.000000,1214200.000000,2428400.000000,2486681600.000000,2098.748565,86.000000
214,600065000.000000,242842.000000,1214210.000000,2428420.000000,2486702080.000000,3291.177267,95.000000
215,600070000.000000,242844.000000,1214220.000000,2428440.000000,2486722560.000000,2536.962665,103.000000
216,600075000.000000,242846.000000,1214230.000000,2428460.000000,2486743040.000000,3808.047930,113.000000
217,600080000.000000,242848.000000,1214240.000000,2428480.000000,2486763520.000000,3613.579456,123.000000
218,600085000.000000,242850.000000,1214250.000000,2428500.000000,2486784000.000000,3009.386742,132.000000
219,600090000.000000,242852.000000,1214260.000000,2428520.000000,2486804480.000000,3207.645064,141.000000
220,600095000.000000,242854.000000,1214270.000000,2428540.000000,2486824960.000000,3162.233474,150.000000
221,600100000.000000,242856.000000,1214280.000000,2428560.000000,2486845440.000000,3422.857384,160.000000
222,600105000.000000,242858.000000,1214290.000000,2428580.000000,2486865920.000000,2937.789384,168.000000
223,600110000.000000,242860.000000,1214300.000000,2428600.000000,2486886400.000000,3436.337371,178.000000
224,600115000.000000,242862.000000,1214310.000000,2428620.000000,2486906880.000000,4207.423357,189.000000
225,600120000.000000,242864.000000,1214320.000000,2428640.000000,2486927360.000000,4101.066684,199.000000
226,600125000.000000,242866.000000,1214330.000000,2428660.000000,2486947840.000000,4149.935028,209.000000
227,600130000.000000,242868.000000,1214340.000000,2428680.000000,2486968320.000000,3462.117003,219.000000
228,600135000.000000,242870.000000,1214350.000000,2428700.000000,2486988800.000000,3416.434534,229.000000
229,600140000.000000,242872.000000,1214360.000000,2428720.000000,2487009280.000000,4114.122902,239.000000
230,600145000.000000,242874.000000,1214370.000000,2428740.000000,2487029760.000000,3628.581630,249.000000
231,600150000.000000,242876.000000,1214380.000000,2428760.000000,2487050240.000000,3094.368986,258.000000
232,600155000.000000,242878.000000,1214390.000000,2428780.000000,2487070720.000000,2668.617215,266.000000
233,600160000.000000,242880.000000,1214400.000000,2428800.000000,2487091200.000000,4015.069425,276.000000
234,600165000.000000,242882.000000,1214410.000000,2428820.000000,2487111680.000000,2494.201510,284.000000
235,600170000.000000,242884.000000,1214420.000000,2428840.000000,2487132160.000000,3427.955325,293.000000
236,600175000.000000,242886.000000,1214430.000000,2428860.000000,2487152640.000000,3585.569094,303.000000
237,600180000.000000,242888.000000,1214440.000000,2428880.000000,2487173120.000000,3854.803475,312.000000
238,600185000.000000,242890.000000,1214450.000000,2428900.000000,2487193600.000000,4243.447320,323.000000
239,600190000.000000,242892.000000,1214460.000000,2428920.000000,2487214080.000000,4466.207163,333.000000
240,600195000.000000,242894.000000,1214470.000000,2428940.000000,2487234560.000000,4457.953638,344.000000
241,600200000.000000,242896.000000,1214480.000000,2428960.000000,2487255040.000000,4363.492168,354.000000
242,600205000.000000,242898.000000,1214490.000000,2428980.000000,2487275520.000000,4436.811736,365.000000
243,600210000.000000,242900.000000,1214500.000000,2429000.000000,2487296000.000000,4422.414305,376.000000
244,600215000.000000,242903.000000,1214515.000000,2429030.000000,2487326720.000000,4547.600311,387.000000
245,600220000.000000,242905.000000,1214525.000000,2429050.000000,2487347200.000000,4500.839089,397.000000
246,600225000.000000,242907.000000,1214535.000000,2429070.000000,2487367680.000000,4251.876772,407.000000
247,600230000.000000,242909.000000,1214545.000000,2429090.000000,2487388160.000000,4506.233517,418.000000
248,600235000.000000,242911.000000,1214555.000000,2429110.000000,2487408640.000000,4204.722688,429.000000
249,600240000.000000,242913.000000,1214565.000000,2429130.000000,2487429120.000000,4505.228060,439.000000
250,600245000.000000,242915.000000,1214575.000000,2429150.000000,2487449600.000000,4530.321347,450.000000
251,600250000.000000,242917.000000,1214585.000000,2429170.000000,2487470080.000000,4693.325111,460.000000
252,600255000.000000,242919.000000,1214595.000000,2429190.000000,2487490560.000000,4277.847582,471.000000
253,600260000.000000,242921.000000,1214605.000000,2429210.000000,2487511040.000000,3818.478704,480.000000
254,600265000.000000,242923.000000,1214615.000000,2429230.000000,2487531520.000000,4501.284428,491.000000
255,600270000.000000,242925.000000,1214625.000000,2429250.000000,2487552000.000000,4495.888888,501.000000
256,600275000.000000,242927.000000,1214635.000000,2429270.000000,2487572480.000000,4092.793118,512.000000
257,600280000.000000,242929.000000,1214645.000000,2429290.000000,2487592960.000000,4326.279898,522.000000
258,600285000.000000,242931.000000,1214655.000000,2429310.000000,2487613440.000000,4475.905128,532.000000
259,600290000.000000,242933.000000,1214665.000000,2429330.000000,2487633920.000000,4524.205383,543.000000
260,600295000.000000,242935.000000,1214675.000000,2429350.000000,2487654400.000000,3958.319453,553.000000
261,600300000.000000,242937.000000,1214685.000000,2429370.000000,2487674880.000000,4674.379404,563.000000
262,600305000.000000,242939.000000,1214695.000000,2429390.000000,2487695360.000000,4643.321857,574.000000
263,600310000.000000,242941.000000,1214705.000000,2429410.000000,2487715840.000000,4223.213360,584.000000
264,600315000.000000,242943.000000,1214715.000000,2429430.000000,2487736320.000000,3787.787872,593.000000
265,600320000.000000,242945.000000,1214725.000000,2429450.000000,2487756800.000000,4249.948606,603.000000
266,600325000.000000,242947.000000,1214735.000000,2429470.000000,2487777280.000000,4622.533937,614.000000
267,600330000.000000,242949.000000,1214745.000000,2429490.000000,2487797760.000000,4621.171957,624.000000
268,600335000.000000,242951.000000,1214755.000000,2429510.000000,2487818240.000000,4415.329271,635.000000
269,600340000.000000,242953.000000,1214765.000000,2429530.000000,2487838720.000000,4500.116964,645.000000
270,600345000.000000,242955.000000,1214775.000000,2429550.000000,2487859200.000000,4754.044277,656.000000
271,600350000.000000,242957.000000,1214785.000000,2429570.000000,2487879680.000000,4805.368344,666.000000
272,600355000.000000,242959.000000,1214795.000000,2429590.000000,2487900160.000000,4447.122609,676.000000
273,600360000.000000,242961.000000,1214805.000000,2429610.000000,2487920640.000000,4841.853514,687.000000
274,600365000.000000,242963.000000,1214815.000000,2429630.000000,2487941120.000000,4633.536713,697.000000
275,600370000.000000,242965.000000,1214825.000000,2429650.000000,2487961600.000000,4426.287561,707.000000
276,600375000.000000,242967.000000,1214835.000000,2429670.000000,2487982080.000000,3932.554171,717.000000
277,600380000.000000,242969.000000,1214845.000000,2429690.000000,2488002560.000000,4458.695751,727.000000
278,600385000.000000,242971.000000,1214855.000000,2429710.000000,2488023040.000000,4484.253135,737.000000
279,600390000.000000,242973.000000,1214865.000000,2429730.000000,2488043520.000000,4764.332673,748.000000
280,600395000.000000,242975.000000,1214875.000000,2429750.000000,2488064000.000000,4606.571248,759.000000
281,600400000.000000,242977.000000,1214885.000000,2429770.000000,2488084480.000000,4527.080637,769.000000
282,600405000.000000,242979.000000,1214895.000000,2429790.000000,2488104960.000000,4708.298483,779.000000
283,600410000.000000,242981.000000,1214905.000000,2429810.000000,2488125440.000000,4440.855153,790.000000
284,600415000.000000,242983.000000,1214915.000000,2429830.000000,2488145920.000000,4273.599809,800.000000
285,600420000.000000,242985.000000,1214925.000000,2429850.000000,2488166400.000000,4261.264151,810.000000
286,600425000.000000,242987.000000,1214935.000000,2429870.000000,2488186880.000000,3338.766706,818.000000
287,600430000.000000,242990.000000,1214950.000000,2429900.000000,2488217600.000000,4850.222240,829.000000
288,600435000.000000,242992.000000,1214960.000000,2429920.000000,2488238080.000000,4624.779837,840.000000
289,600440000.000000,242994.000000,1214970.000000,2429940.000000,2488258560.000000,4446.745312,850.000000
290,600445000.000000,242996.000000,1214980.000000,2429960.000000,2488279040.000000,4685.298270,860.000000
291,600450000.000000,242998.000000,1214990.000000,2429980.000000,2488299520.000000,4422.048349,870.000000
292,600455000.000000,243000.000000,1215000.000000,2430000.000000,2488320000.000000,3546.355205,879.000000
293,600460000.000000,243002.000000,1215010.000000,2430020.000000,2488340480.000000,3945.047233,888.000000
294,600465000.000000,243004.000000,1215020.000000,2430040.000000,2488360960.000000,4947.966974,899.000000
295,600470000.000000,243006.000000,1215030.000000,2430060.000000,2488381440.000000,3487.414265,907.000000
296,600475000.000000,243008.000000,1215040.000000,2430080.000000,2488401920.000000,4232.637571,917.000000
297,600480000.000000,243010.000000,1215050.000000,2430100.000000,2488422400.000000,4857.810075,928.000000
298,600485000.000000,243012.000000,1215060.000000,2430120.000000,2488442880.000000,3860.137208,937.000000
299,600490000.000000,243014.000000,1215070.000000,2430140.000000,2488463360.000000,3815.271501,946.000000
300,600495000.000000,243016.000000,1215080.000000,2430160.000000,2488483840.000000,5005.033406,957.000000
301,600500000.000000,243018.000000,1215090.000000,2430180.000000,2488504320.000000,4993.544862,967.000000
302,600505000.000000,243020.000000,1215100.000000,2430200.000000,2488524800.000000,4925.389780,978.000000
303,600510000.000000,243022.000000,1215110.000000,2430220.000000,2488545280.000000,4661.883360,988.000000
304,600515000.000000,243024.000000,1215120.000000,2430240.000000,2488565760.000000,4680.339411,998.000000
305,600520000.000000,243026.000000,1215130.000000,2430260.000000,2488586240.000000,4500.908054,1008.000000
306,600525000.000000,243028.000000,1215140.000000,2430280.000000,2488606720.000000,4140.640461,1018.000000
307,600530000.000000,243030.000000,1215150.000000,2430300.000000,2488627200.000000,4685.886667,1028.000000
308,600535000.000000,243032.000000,1215160.000000,2430320.000000,2488647680.000000,4220.067891,1038.000000
309,600540000.000000,243034.000000,1215170.000000,2430340.000000,2488668160.000000,4752.391232,1048.000000
310,600545000.000000,243036.000000,1215180.000000,2430360.000000,2488688640.000000,4553.117776,1058.000000
311,600550000.000000,243038.000000,1215190.000000,2430380.000000,2488709120.000000,4265.436772,1068.000000
312,600555000.000000,243040.000000,1215200.000000,2430400.000000,2488729600.000000,4819.808257,1079.000000
313,600560000.000000,243042.000000,1215210.000000,2430420.000000,2488750080.000000,4601.884935,1089.000000
314,600565000.000000,243044.000000,1215220.000000,2430440.000000,2488770560.000000,4429.229399,1099.000000
315,600570000.000000,243046.000000,1215230.000000,2430460.000000,2488791040.000000,4952.273898,1109.000000
316,600575000.000000,243048.000000,1215240.000000,2430480.000000,2488811520.000000,4913.369663,1120.000000
317,600580000.000000,243050.000000,1215250.000000,2430500.000000,2488832000.000000,4763.056581,1130.000000
318,600585000.000000,243052.000000,1215260.000000,2430520.000000,2488852480.000000,4491.236899,1140.000000
319,600590000.000000,243054.000000,1215270.000000,2430540.000000,2488872960.000000,4535.357929,1151.000000
320,600595000.000000,243056.000000,1215280.000000,2430560.000000,2488893440.000000,4750.720351,1161.000000
321,600600000.000000,243058.000000,1215290.000000,2430580.000000,2488913920.000000,4980.158784,1172.000000
322,600605000.000000,243060.000000,1215300.000000,2430600.000000,2488934400.000000,4604.250026,1182.000000
323,600610000.000000,243062.000000,1215310.000000,2430620.000000,2488954880.000000,5007.988986,1193.000000
324,600615000.000000,243064.000000,1215320.000000,2430640.000000,2488975360.000000,4967.281195,1203.000000
325,600620000.000000,243066.000000,1215330.000000,2430660.000000,2488995840.000000,4851.299234,1214.000000
326,600625000.000000,243068.000000,1215340.000000,2430680.000000,2489016320.000000,4628.645415,1224.000000
327,600630000.000000,243070.000000,1215350.000000,2430700.000000,2489036800.000000,4784.494043,1235.000000
328,600635000.000000,243072.000000,1215360.000000,2430720.000000,2489057280.000000,4953.293479,1245.000000
329,600640000.000000,243075.000000,1215375.000000,2430750.000000,2489088000.000000,5008.115702,1256.000000
330,600645000.000000,243077.000000,1215385.000000,2430770.000000,2489108480.000000,4892.946087,1267.000000
331,600650000.000000,243079.000000,1215395.000000,2430790.000000,2489128960.000000,4731.634140,1277.000000
332,600655000.000000,243081.000000,1215405.000000,2430810.000000,2489149440.000000,4447.800697,1287.000000
333,600660000.000000,243083.000000,1215415.000000,2430830.000000,2489169920.000000,4668.629934,1298.000000
334,600665000.000000,243085.000000,1215425.000000,2430850.000000,2489190400.000000,4646.213996,1308.000000
335,600670000.000000,243087.000000,1215435.000000,2430870.000000,2489210880.000000,4785.502340,1318.000000
336,600675000.000000,243089.000000,1215445.000000,2430890.000000,2489231360.000000,4891.826787,1329.000000
337,600680000.000000,243091.000000,1215455.000000,2430910.000000,2489251840.000000,4563.985631,1339.000000
338,600685000.000000,243093.000000,1215465.000000,2430930.000000,2489272320.000000,4837.384893,1350.000000
339,600690000.000000,243095.000000,1215475.000000,2430950.000000,2489292800.000000,4738.351874,1360.000000
340,600695000.000000,243097.000000,1215485.000000,2430970.000000,2489313280.000000,4837.677982,1371.000000
341,600700000.000000,243099.000000,1215495.000000,2430990.000000,2489333760.000000,4852.345079,1382.000000
342,600705000.000000,243101.000000,1215505.000000,2431010.000000,2489354240.000000,4015.799094,1391.000000
343,600710000.000000,243103.000000,1215515.000000,2431030.000000,2489374720.000000,4845.452686,1402.000000
344,600715000.000000,243105.000000,1215525.000000,2431050.000000,2489395200.000000,4211.059065,1412.000000
345,600720000.000000,243107.000000,1215535.000000,2431070.000000,2489415680.000000,4396.322998,1422.000000
346,600725000.000000,243109.000000,1215545.000000,2431090.000000,2489436160.000000,4727.156116,1432.000000
347,600730000.000000,243111.000000,1215555.000000,2431110.000000,2489456640.000000,4927.081904,1443.000000
348,600735000.000000,243113.000000,1215565.000000,2431130.000000,2489477120.000000,4851.223491,1453.000000
349,600740000.000000,243115.000000,1215575.000000,2431150.000000,2489497600.000000,4697.077947,1464.000000
350,600745000.000000,243117.000000,1215585.000000,2431170.000000,2489518080.000000,4907.165637,1474.000000
351,600750000.000000,243119.000000,1215595.000000,2431190.000000,2489538560.000000,4592.647212,1485.000000
352,600755000.000000,243121.000000,1215605.000000,2431210.000000,2489559040.000000,4836.071468,1496.000000
353,600760000.000000,243123.000000,1215615.000000,2431230.000000,2489579520.000000,4107.191009,1506.000000
354,600765000.000000,243125.000000,1215625.000000,2431250.000000,2489600000.000000,4777.236955,1516.000000
355,600770000.000000,243127.000000,1215635.000000,2431270.000000,2489620480.000000,4790.577500,1527.000000
356,600775000.000000,243129.000000,1215645.000000,2431290.000000,2489640960.000000,4836.114465,1537.000000
357,600780000.000000,243131.000000,1215655.000000,2431310.000000,2489661440.000000,4789.026406,1548.000000
358,600785000.000000,243133.000000,1215665.000000,2431330.000000,2489681920.000000,4811.175650,1559.000000
359,600790000.000000,243135.000000,1215675.000000,2431350.000000,2489702400.000000,4594.492778,1569.000000
360,600795000.000000,243137.000000,1215685.000000,2431370.000000,2489722880.000000,4808.422957,1580.000000
361,600800000.000000,243139.000000,1215695.000000,2431390.000000,2489743360.000000,4725.000243,1590.000000
362,600805000.000000,243141.000000,1215705.000000,2431410.000000,2489763840.000000,4833.471529,1601.000000
363,600810000.000000,243143.000000,1215715.000000,2431430.000000,2489784320.000000,4391.395642,1611.000000
364,600815000.000000,243145.000000,1215725.000000,2431450.000000,2489804800.000000,4815.564912,1622.000000
365,600820000.000000,243147.000000,1215735.000000,2431470.000000,2489825280.000000,4656.945894,1632.000000
366,600825000.000000,243149.000000,1215745.000000,2431490.000000,2489845760.000000,4878.193873,1643.000000
367,600830000.000000,243151.000000,1215755.000000,2431510.000000,2489866240.000000,4778.934110,1653.000000
368,600835000.000000,243153.000000,1215765.000000,2431530.000000,2489886720.000000,4743.100735,1663.000000
369,600840000.000000,243155.000000,1215775.000000,2431550.000000,2489907200.000000,3809.223644,1673.000000
370,600845000.000000,243157.000000,1215785.000000,2431570.000000,2489927680.000000,4575.486336,1683.000000
371,600850000.000000,243159.000000,1215795.000000,2431590.000000,2489948160.000000,4861.715201,1694.000000
372,600855000.000000,243162.000000,1215810.000000,2431620.000000,2489978880.000000,4830.558492,1705.000000
373,600860000.000000,243164.000000,1215820.000000,2431640.000000,2489999360.000000,4524.017747,1715.000000
374,600865000.000000,243166.000000,1215830.000000,2431660.000000,2490019840.000000,4446.934543,1725.000000
375,600870000.000000,243168.000000,1215840.000000,2431680.000000,2490040320.000000,4950.653987,1735.000000
376,600875000.000000,243170.000000,1215850.000000,2431700.000000,2490060800.000000,4924.886497,1746.000000
377,600880000.000000,243172.000000,1215860.000000,2431720.000000,2490081280.000000,4898.581046,1757.000000
378,600885000.000000,243174.000000,1215870.000000,2431740.000000,2490101760.000000,4852.207833,1767.000000
379,600890000.000000,243176.000000,1215880.000000,2431760.000000,2490122240.000000,4846.457892,1778.000000
380,600895000.000000,243178.000000,1215890.000000,2431780.000000,2490142720.000000,4845.477671,1788.000000
381,600900000.000000,243180.000000,1215900.000000,2431800.000000,2490163200.000000,4845.600596,1799.000000
382,600905000.000000,243182.000000,1215910.000000,2431820.000000,2490183680.000000,4748.455890,1809.000000
383,600910000.000000,243184.000000,1215920.000000,2431840.000000,2490204160.000000,4335.105027,1819.000000
384,600915000.000000,243186.000000,1215930.000000,2431860.000000,2490224640.000000,4896.777285,1830.000000
385,600920000.000000,243188.000000,1215940.000000,2431880.000000,2490245120.000000,4907.993147,1841.000000
386,600925000.000000,243190.000000,1215950.000000,2431900.000000,2490265600.000000,4954.400854,1851.000000
387,600930000.000000,243192.000000,1215960.000000,2431920.000000,2490286080.000000,4927.899432,1862.000000
388,600935000.000000,243194.000000,1215970.000000,2431940.000000,2490306560.000000,4471.638295,1872.000000
389,600940000.000000,243196.000000,1215980.000000,2431960.000000,2490327040.000000,4951.785883,1882.000000
390,600945000.000000,243198.000000,1215990.000000,2431980.000000,2490347520.000000,3972.860128,1892.000000
391,600950000.000000,243200.000000,1216000.000000,2432000.000000,2490368000.000000,3448.911163,1901.000000
392,600955000.000000,243202.000000,1216010.000000,2432020.000000,2490388480.000000,4718.053648,1911.000000
393,600960000.000000,243204.000000,1216020.000000,2432040.000000,2490408960.000000,4382.287490,1922.000000
394,600965000.000000,243206.000000,1216030.000000,2432060.000000,2490429440.000000,4670.779756,1932.000000
395,600970000.000000,243208.000000,1216040.000000,2432080.000000,2490449920.000000,3458.811010,1941.000000
396,600975000.000000,243210.000000,1216050.000000,2432100.000000,2490470400.000000,4340.074768,1951.000000
397,600980000.000000,243212.000000,1216060.000000,2432120.000000,2490490880.000000,4845.770162,1961.000000
398,600985000.000000,243214.000000,1216070.000000,2432140.000000,2490511360.000000,4394.441712,1971.000000
399,600990000.000000,243216.000000,1216080.000000,2432160.000000,2490531840.000000,4946.885378,1982.000000
400,600995000.000000,243218.000000,1216090.000000,2432180.000000,2490552320.000000,4650.777987,1992.000000
401,601000000.000000,243220.000000,1216100.000000,2432200.000000,2490572800.000000,4952.254064,2002.000000
402,601005000.000000,243222.000000,1216110.000000,2432220.000000,2490593280.000000,5004.048953,2013.000000
403,601010000.000000,243224.000000,1216120.000000,2432240.000000,2490613760.000000,5014.976060,2023.000000
404,601015000.000000,243226.000000,1216130.000000,2432260.000000,2490634240.000000,5118.976608,2034.000000
405,601020000.000000,243228.000000,1216140.000000,2432280.000000,2490654720.000000,5144.093125,2045.000000
406,601025000.000000,243230.000000,1216150.000000,2432300.000000,2490675200.000000,4872.924402,2055.000000
407,601030000.000000,243232.000000,1216160.000000,2432320.000000,2490695680.000000,4937.159059,2065.000000
408,601035000.000000,243234.000000,1216170.000000,2432340.000000,2490716160.000000,4780.350964,2075.000000
409,601040000.000000,243236.000000,1216180.000000,2432360.000000,2490736640.000000,5074.745656,2086.000000
410,601045000.000000,243238.000000,1216190.000000,2432380.000000,2490757120.000000,5001.146572,2097.000000
411,601050000.000000,243240.000000,1216200.000000,2432400.000000,2490777600.000000,4970.336936,2107.000000
412,601055000.000000,243242.000000,1216210.000000,2432420.000000,2490798080.000000,4672.793611,2117.000000
413,601060000.000000,243244.000000,1216220.000000,2432440.000000,2490818560.000000,4891.025863,2128.000000
414,601065000.000000,243246.000000,1216230.000000,2432460.000000,2490839040.000000,4983.850940,2138.000000
415,601070000.000000,243249.000000,1216245.000000,2432490.000000,2490869760.000000,5009.347501,2149.000000
416,601075000.000000,243251.000000,1216255.000000,2432510.000000,2490890240.000000,4976.898233,2160.000000
417,601080000.000000,243253.000000,1216265.000000,2432530.000000,2490910720.000000,4623.779071,2170.000000
418,601085000.000000,243255.000000,1216275.000000,2432550.000000,2490931200.000000,4857.199247,2181.000000
419,601090000.000000,243257.000000,1216285.000000,2432570.000000,2490951680.000000,4378.052391,2191.000000
420,601095000.000000,243259.000000,1216295.000000,2432590.000000,2490972160.000000,4950.425396,2201.000000
421,601100000.000000,243261.000000,1216305.000000,2432610.000000,2490992640.000000,5027.954813,2212.000000
422,601105000.000000,243263.000000,1216315.000000,2432630.000000,2491013120.000000,5025.007138,2222.000000
423,601110000.000000,243265.000000,1216325.000000,2432650.000000,2491033600.000000,5045.770111,2233.000000
424,601115000.000000,243267.000000,1216335.000000,2432670.000000,2491054080.000000,5015.078034,2244.000000
425,601120000.000000,243269.000000,1216345.000000,2432690.000000,2491074560.000000,5080.120265,2254.000000
426,601125000.000000,243271.000000,1216355.000000,2432710.000000,2491095040.000000,5058.863152,2265.000000
427,601130000.000000,243273.000000,1216365.000000,2432730.000000,2491115520.000000,5042.949682,2275.000000
428,601135000.000000,243275.000000,1216375.000000,2432750.000000,2491136000.000000,5036.571626,2286.000000
429,601140000.000000,243277.000000,1216385.000000,2432770.000000,2491156480.000000,4811.637020,2296.000000
430,601145000.000000,243279.000000,1216395.000000,2432790.000000,2491176960.000000,4846.214662,2307.000000
431,601150000.000000,243281.000000,1216405.000000,2432810.000000,2491197440.000000,4980.616940,2317.000000
432,601155000.000000,243283.000000,1216415.000000,2432830.000000,2491217920.000000,5035.885758,2328.000000
433,601160000.000000,243285.000000,1216425.000000,2432850.000000,2491238400.000000,4977.066519,2338.000000
434,601165000.000000,243287.000000,1216435.000000,2432870.000000,2491258880.000000,4898.602166,2349.000000
435,601170000.000000,243289.000000,1216445.000000,2432890.000000,2491279360.000000,4485.159363,2359.000000
436,601175000.000000,243291.000000,1216455.000000,2432910.000000,2491299840.000000,4408.314738,2369.000000
437,601180000.000000,243293.000000,1216465.000000,2432930.000000,2491320320.000000,4672.403961,2379.000000
438,601185000.000000,243295.000000,1216475.000000,2432950.000000,2491340800.000000,4664.446260,2389.000000
439,601190000.000000,243297.000000,1216485.000000,2432970.000000,2491361280.000000,5062.289887,2399.000000
440,601195000.000000,243299.000000,1216495.000000,2432990.000000,2491381760.000000,4462.969338,2409.000000
441,601200000.000000,243301.000000,1216505.000000,2433010.000000,2491402240.000000,5171.273569,2420.000000
442,601205000.000000,243303.000000,1216515.000000,2433030.000000,2491422720.000000,4978.124818,2430.000000
443,601210000.000000,243305.000000,1216525.000000,2433050.000000,2491443200.000000,4843.768179,2441.000000
444,601215000.000000,243307.000000,1216535.000000,2433070.000000,2491463680.000000,4621.546564,2451.000000
445,601220000.000000,243309.000000,1216545.000000,2433090.000000,2491484160.000000,4418.784090,2460.000000
446,601225000.000000,243311.000000,1216555.000000,2433110.000000,2491504640.000000,4186.114308,2470.000000
447,601230000.000000,243313.000000,1216565.000000,2433130.000000,2491525120.000000,5038.197039,2480.000000
448,601235000.000000,243315.000000,1216575.000000,2433150.000000,2491545600.000000,5013.617203,2491.000000
449,601240000.000000,243317.000000,1216585.000000,2433170.000000,2491566080.000000,5018.355398,2501.000000
450,601245000.000000,243319.000000,1216595.000000,2433190.000000,2491586560.000000,4932.821109,2512.000000
451,601250000.000000,243321.000000,1216605.000000,2433210.000000,2491607040.000000,4986.896006,2522.000000
452,601255000.000000,243323.000000,1216615.000000,2433230.000000,2491627520.000000,4615.463409,2533.000000
453,601260000.000000,243325.000000,1216625.000000,2433250.000000,2491648000.000000,5060.426108,2543.000000
454,601265000.000000,243327.000000,1216635.000000,2433270.000000,2491668480.000000,4704.767946,2554.000000
455,601270000.000000,243329.000000,1216645.000000,2433290.000000,2491688960.000000,4260.077811,2563.000000
456,601275000.000000,243331.000000,1216655.000000,2433310.000000,2491709440.000000,4903.307515,2574.000000
457,601280000.000000,243334.000000,1216670.000000,2433340.000000,2491740160.000000,4984.101386,2585.000000
458,601285000.000000,243336.000000,1216680.000000,2433360.000000,2491760640.000000,5018.393339,2595.000000
459,601290000.000000,243338.000000,1216690.000000,2433380.000000,2491781120.000000,4798.289222,2605.000000
460,601295000.000000,243340.000000,1216700.000000,2433400.000000,2491801600.000000,4745.482727,2616.000000
461,601300000.000000,243342.000000,1216710.000000,2433420.000000,2491822080.000000,5066.118067,2626.000000
462,601305000.000000,243344.000000,1216720.000000,2433440.000000,2491842560.000000,4835.064046,2637.000000
463,601310000.000000,243346.000000,1216730.000000,2433460.000000,2491863040.000000,5050.564344,2647.000000
464,601315000.000000,243348.000000,1216740.000000,2433480.000000,2491883520.000000,4749.141363,2658.000000
465,601320000.000000,243350.000000,1216750.000000,2433500.000000,2491904000.000000,4647.430444,2668.000000
466,601325000.000000,243352.000000,1216760.000000,2433520.000000,2491924480.000000,4929.437498,2678.000000
467,601330000.000000,243354.000000,1216770.000000,2433540.000000,2491944960.000000,4624.521857,2689.000000
468,601335000.000000,243356.000000,1216780.000000,2433560.000000,2491965440.000000,5058.995975,2699.000000
469,601340000.000000,243358.000000,1216790.000000,2433580.000000,2491985920.000000,5015.939068,2710.000000
470,601345000.000000,243360.000000,1216800.000000,2433600.000000,2492006400.000000,4946.233503,2720.000000
471,601350000.000000,243362.000000,1216810.000000,2433620.000000,2492026880.000000,5024.290491,2731.000000
472,601355000.000000,243364.000000,1216820.000000,2433640.000000,2492047360.000000,5053.817425,2741.000000
473,601360000.000000,243366.000000,1216830.000000,2433660.000000,2492067840.000000,5082.280914,2752.000000
474,601365000.000000,243368.000000,1216840.000000,2433680.000000,2492088320.000000,5123.005013,2763.000000
475,601370000.000000,243370.000000,1216850.000000,2433700.000000,2492108800.000000,5138.821290,2773.000000
476,601375000.000000,243372.000000,1216860.000000,2433720.000000,2492129280.000000,5153.370030,2784.000000
477,601380000.000000,243374.000000,1216870.000000,2433740.000000,2492149760.000000,5169.335081,2794.000000
478,601385000.000000,243376.000000,1216880.000000,2433760.000000,2492170240.000000,5148.450111,2805.000000
479,601390000.000000,243378.000000,1216890.000000,2433780.000000,2492190720.000000,5159.480310,2815.000000
480,601395000.000000,243380.000000,1216900.000000,2433800.000000,2492211200.000000,5160.897498,2826.000000
481,601400000.000000,243382.000000,1216910.000000,2433820.000000,2492231680.000000,4838.007226,2836.000000
482,601405000.000000,243384.000000,1216920.000000,2433840.000000,2492252160.000000,5243.184190,2847.000000
483,601410000.000000,243386.000000,1216930.000000,2433860.000000,2492272640.000000,4822.816671,2857.000000
484,601415000.000000,243388.000000,1216940.000000,2433880.000000,2492293120.000000,5254.607968,2868.000000
485,601420000.000000,243390.000000,1216950.000000,2433900.000000,2492313600.000000,4959.673001,2878.000000
486,601425000.000000,243392.000000,1216960.000000,2433920.000000,2492334080.000000,4708.351152,2888.000000
487,601430000.000000,243394.000000,1216970.000000,2433940.000000,2492354560.000000,4672.851063,2898.000000
488,601435000.000000,243396.000000,1216980.000000,2433960.000000,2492375040.000000,4951.576068,2908.000000
489,601440000.000000,243398.000000,1216990.000000,2433980.000000,2492395520.000000,4336.225349,2918.000000
490,601445000.000000,243400.000000,1217000.000000,2434000.000000,2492416000.000000,5198.287740,2929.000000
491,601450000.000000,243402.000000,1217010.000000,2434020.000000,2492436480.000000,4703.748990,2939.000000
492,601455000.000000,243404.000000,1217020.000000,2434040.000000,2492456960.000000,4872.527402,2949.000000
493,601460000.000000,243406.000000,1217030.000000,2434060.000000,2492477440.000000,4314.860036,2959.000000
494,601465000.000000,243408.000000,1217040.000000,2434080.000000,2492497920.000000,4732.971120,2969.000000
495,601470000.000000,243410.000000,1217050.000000,2434100.000000,2492518400.000000,4283.029370,2979.000000
496,601475000.000000,243412.000000,1217060.000000,2434120.000000,2492538880.000000,4533.421436,2989.000000
497,601480000.000000,243414.000000,1217070.000000,2434140.000000,2492559360.000000,4868.651230,2999.000000
498,601485000.000000,243416.000000,1217080.000000,2434160.000000,2492579840.000000,4163.918624,3009.000000
499,601490000.000000,243418.000000,1217090.000000,2434180.000000,2492600320.000000,5026.858784,3019.000000
500,601495000.000000,243421.000000,1217105.000000,2434210.000000,2492631040.000000,4648.675129,3029.000000
501,601500000.000000,243423.000000,1217115.000000,2434230.000000,2492651520.000000,4921.123210,3040.000000
502,601505000.000000,243425.000000,1217125.000000,2434250.000000,2492672000.000000,5144.348654,3050.000000
503,601510000.000000,243427.000000,1217135.000000,2434270.000000,2492692480.000000,5161.003109,3061.000000
504,601515000.000000,243429.000000,1217145.000000,2434290.000000,2492712960.000000,4773.245197,3071.000000
505,601520000.000000,243431.000000,1217155.000000,2434310.000000,2492733440.000000,5122.683658,3082.000000
506,601525000.000000,243433.000000,1217165.000000,2434330.000000,2492753920.000000,5124.765915,3092.000000
507,601530000.000000,243435.000000,1217175.000000,2434350.000000,2492774400.000000,5105.369112,3103.000000
508,601535000.000000,243437.000000,1217185.000000,2434370.000000,2492794880.000000,4515.643166,3113.000000
509,601540000.000000,243439.000000,1217195.000000,2434390.000000,2492815360.000000,5173.604298,3123.000000
510,601545000.000000,243441.000000,1217205.000000,2434410.000000,2492835840.000000,4731.995945,3133.000000
511,601550000.000000,243443.000000,1217215.000000,2434430.000000,2492856320.000000,5223.721476,3144.000000
512,601555000.000000,243445.000000,1217225.000000,2434450.000000,2492876800.000000,5270.915038,3154.000000
513,601560000.000000,243447.000000,1217235.000000,2434470.000000,2492897280.000000,5272.564676,3165.000000
514,601565000.000000,243449.000000,1217245.000000,2434490.000000,2492917760.000000,5256.568105,3175.000000
515,601570000.000000,243451.000000,1217255.000000,2434510.000000,2492938240.000000,5268.606496,3186.000000
516,601575000.000000,243453.000000,1217265.000000,2434530.000000,2492958720.000000,4843.953232,3196.000000
517,601580000.000000,243455.000000,1217275.000000,2434550.000000,2492979200.000000,4904.157826,3206.000000
518,601585000.000000,243457.000000,1217285.000000,2434570.000000,2492999680.000000,4604.072024,3216.000000
519,601590000.000000,243459.000000,1217295.000000,2434590.000000,2493020160.000000,5191.584675,3227.000000
520,601595000.000000,243461.000000,1217305.000000,2434610.000000,2493040640.000000,4821.934030,3237.000000
521,601600000.000000,243463.000000,1217315.000000,2434630.000000,2493061120.000000,5201.882869,3248.000000
522,601605000.000000,243465.000000,1217325.000000,2434650.000000,2493081600.000000,5243.874815,3258.000000
523,601610000.000000,243467.000000,1217335.000000,2434670.000000,2493102080.000000,5223.587561,3269.000000
524,601615000.000000,243469.000000,1217345.000000,2434690.000000,2493122560.000000,5206.989893,3280.000000
525,601620000.000000,243471.000000,1217355.000000,2434710.000000,2493143040.000000,4701.248172,3290.000000
526,601625000.000000,243473.000000,1217365.000000,2434730.000000,2493163520.000000,5242.981850,3300.000000
527,601630000.000000,243475.000000,1217375.000000,2434750.000000,2493184000.000000,4223.295087,3310.000000
528,601635000.000000,243477.000000,1217385.000000,2434770.000000,2493204480.000000,5236.707623,3320.000000
529,601640000.000000,243479.000000,1217395.000000,2434790.000000,2493224960.000000,4906.031827,3331.000000
530,601645000.000000,243481.000000,1217405.000000,2434810.000000,2493245440.000000,4264.550528,3340.000000
531,601650000.000000,243483.000000,1217415.000000,2434830.000000,2493265920.000000,4657.979268,3350.000000
532,601655000.000000,243485.000000,1217425.000000,2434850.000000,2493286400.000000,4774.789729,3360.000000
533,601660000.000000,243487.000000,1217435.000000,2434870.000000,2493306880.000000,4287.707097,3369.000000
534,601665000.000000,243489.000000,1217445.000000,2434890.000000,2493327360.000000,4768.822151,3379.000000
535,601670000.000000,243491.000000,1217455.000000,2434910.000000,2493347840.000000,4768.294972,3389.000000
536,601675000.000000,243493.000000,1217465.000000,2434930.000000,2493368320.000000,5210.378775,3400.000000
537,601680000.000000,243495.000000,1217475.000000,2434950.000000,2493388800.000000,5227.390214,3411.000000
538,601685000.000000,243497.000000,1217485.000000,2434970.000000,2493409280.000000,5275.422639,3421.000000
539,601690000.000000,243499.000000,1217495.000000,2434990.000000,2493429760.000000,5201.972798,3432.000000
540,601695000.000000,243501.000000,1217505.000000,2435010.000000,2493450240.000000,4387.171785,3441.000000
541,601700000.000000,243503.000000,1217515.000000,2435030.000000,2493470720.000000,4309.281966,3451.000000
542,601705000.000000,243506.000000,1217530.000000,2435060.000000,2493501440.000000,5296.704572,3462.000000
543,601710000.000000,243508.000000,1217540.000000,2435080.000000,2493521920.000000,4907.191285,3472.000000
544,601715000.000000,243510.000000,1217550.000000,2435100.000000,2493542400.000000,5271.738416,3482.000000
545,601720000.000000,243512.000000,1217560.000000,2435120.000000,2493562880.000000,5092.490466,3493.000000
546,601725000.000000,243514.000000,1217570.000000,2435140.000000,2493583360.000000,5265.209393,3503.000000
547,601730000.000000,243516.000000,1217580.000000,2435160.000000,2493603840.000000,5061.371910,3514.000000
548,601735000.000000,243518.000000,1217590.000000,2435180.000000,2493624320.000000,4681.113745,3523.000000
549,601740000.000000,243520.000000,1217600.000000,2435200.000000,2493644800.000000,5104.118221,3534.000000
550,601745000.000000,243522.000000,1217610.000000,2435220.000000,2493665280.000000,4842.219443,3544.000000
551,601750000.000000,243524.000000,1217620.000000,2435240.000000,2493685760.000000,4802.124695,3554.000000
552,601755000.000000,243526.000000,1217630.000000,2435260.000000,2493706240.000000,4493.462855,3564.000000
553,601760000.000000,243528.000000,1217640.000000,2435280.000000,2493726720.000000,4077.891683,3574.000000
554,601765000.000000,243530.000000,1217650.000000,2435300.000000,2493747200.000000,4672.950396,3584.000000
555,601770000.000000,243532.000000,1217660.000000,2435320.000000,2493767680.000000,4872.438297,3594.000000
556,601775000.000000,243534.000000,1217670.000000,2435340.000000,2493788160.000000,5164.795252,3605.000000
557,601780000.000000,243536.000000,1217680.000000,2435360.000000,2493808640.000000,4829.257030,3615.000000
558,601785000.000000,243538.000000,1217690.000000,2435380.000000,2493829120.000000,3795.223652,3624.000000
559,601790000.000000,243540.000000,1217700.000000,2435400.000000,2493849600.000000,5205.433656,3634.000000
560,601795000.000000,243542.000000,1217710.000000,2435420.000000,2493870080.000000,4783.113815,3644.000000
561,601800000.000000,243544.000000,1217720.000000,2435440.000000,2493890560.000000,5334.480633,3655.000000
562,601805000.000000,243546.000000,1217730.000000,2435460.000000,2493911040.000000,5283.094681,3665.000000
563,601810000.000000,243548.000000,1217740.000000,2435480.000000,2493931520.000000,5198.396202,3675.000000
564,601815000.000000,243550.000000,1217750.000000,2435500.000000,2493952000.000000,5212.502931,3686.000000
565,601820000.000000,243552.000000,1217760.000000,2435520.000000,2493972480.000000,5134.986126,3696.000000
566,601825000.000000,243554.000000,1217770.000000,2435540.000000,2493992960.000000,5228.391606,3707.000000
567,601830000.000000,243556.000000,1217780.000000,2435560.000000,2494013440.000000,5002.291752,3717.000000
568,601835000.000000,243558.000000,1217790.000000,2435580.000000,2494033920.000000,5229.147109,3728.000000
569,601840000.000000,243560.000000,1217800.000000,2435600.000000,2494054400.000000,5259.780603,3738.000000
570,601845000.000000,243562.000000,1217810.000000,2435620.000000,2494074880.000000,5236.505014,3749.000000
571,601850000.000000,243564.000000,1217820.000000,2435640.000000,2494095360.000000,5218.785883,3760.000000
572,601855000.000000,243566.000000,1217830.000000,2435660.000000,2494115840.000000,4975.601076,3770.000000
573,601860000.000000,243568.000000,1217840.000000,2435680.000000,2494136320.000000,4865.294131,3780.000000
574,601865000.000000,243570.000000,1217850.000000,2435700.000000,2494156800.000000,5143.984442,3790.000000
575,601870000.000000,243572.000000,1217860.000000,2435720.000000,2494177280.000000,4601.784824,3800.000000
576,601875000.000000,243574.000000,1217870.000000,2435740.000000,2494197760.000000,4863.139282,3810.000000
577,601880000.000000,243576.000000,1217880.000000,2435760.000000,2494218240.000000,4162.321138,3819.000000
578,601885000.000000,243578.000000,1217890.000000,2435780.000000,2494238720.000000,4729.551451,3829.000000
579,601890000.000000,243580.000000,1217900.000000,2435800.000000,2494259200.000000,4525.564724,3839.000000
580,601895000.000000,243582.000000,1217910.000000,2435820.000000,2494279680.000000,4313.339838,3849.000000
581,601900000.000000,243584.000000,1217920.000000,2435840.000000,2494300160.000000,3526.347520,3857.000000
582,601905000.000000,243586.000000,1217930.000000,2435860.000000,2494320640.000000,4415.789492,3867.000000
583,601910000.000000,243588.000000,1217940.000000,2435880.000000,2494341120.000000,5027.978289,3877.000000
584,601915000.000000,243590.000000,1217950.000000,2435900.000000,2494361600.000000,5169.760703,3888.000000
585,601920000.000000,243593.000000,1217965.000000,2435930.000000,2494392320.000000,5248.120505,3898.000000
586,601925000.000000,243595.000000,1217975.000000,2435950.000000,2494412800.000000,4941.917400,3909.000000
587,601930000.000000,243597.000000,1217985.000000,2435970.000000,2494433280.000000,4906.508301,3919.000000
588,601935000.000000,243599.000000,1217995.000000,2435990.000000,2494453760.000000,4867.590575,3929.000000
589,601940000.000000,243601.000000,1218005.000000,2436010.000000,2494474240.000000,5255.694397,3939.000000
590,601945000.000000,243603.000000,1218015.000000,2436030.000000,2494494720.000000,5009.759430,3950.000000
591,601950000.000000,243605.000000,1218025.000000,2436050.000000,2494515200.000000,5164.455430,3961.000000
592,601955000.000000,243607.000000,1218035.000000,2436070.000000,2494535680.000000,5095.494779,3971.000000
593,601960000.000000,243609.000000,1218045.000000,2436090.000000,2494556160.000000,5302.987368,3981.000000
594,601965000.000000,243611.000000,1218055.000000,2436110.000000,2494576640.000000,5251.966533,3992.000000
595,601970000.000000,243613.000000,1218065.000000,2436130.000000,2494597120.000000,5223.522183,4003.000000
596,601975000.000000,243615.000000,1218075.000000,2436150.000000,2494617600.000000,5282.893448,4013.000000
597,601980000.000000,243617.000000,1218085.000000,2436170.000000,2494638080.000000,5282.860810,4024.000000
598,601985000.000000,243619.000000,1218095.000000,2436190.000000,2494658560.000000,5177.425340,4034.000000
599,601990000.000000,243621.000000,1218105.000000,2436210.000000,2494679040.000000,5205.902895,4045.000000
600,601995000.000000,243623.000000,1218115.000000,2436230.000000,2494699520.000000,5282.379554,4055.000000
601,602000000.000000,243625.000000,1218125.000000,2436250.000000,2494720000.000000,5324.024832,4066.000000
602,602005000.000000,243627.000000,1218135.000000,2436270.000000,2494740480.000000,4328.367479,4075.000000
603,602010000.000000,243629.000000,1218145.000000,2436290.000000,2494760960.000000,5056.937609,4085.000000
604,602015000.000000,243631.000000,1218155.000000,2436310.000000,2494781440.000000,5359.664340,4096.000000
605,602020000.000000,243633.000000,1218165.000000,2436330.000000,2494801920.000000,4990.038086,4106.000000
606,602025000.000000,243635.000000,1218175.000000,2436350.000000,2494822400.000000,5310.286760,4117.000000
607,602030000.000000,243637.000000,1218185.000000,2436370.000000,2494842880.000000,5349.047036,4128.000000
608,602035000.000000,243639.000000,1218195.000000,2436390.000000,2494863360.000000,5020.961948,4138.000000
609,602040000.000000,243641.000000,1218205.000000,2436410.000000,2494883840.000000,5193.926192,4148.000000
610,602045000.000000,243643.000000,1218215.000000,2436430.000000,2494904320.000000,4935.890803,4158.000000
611,602050000.000000,243645.000000,1218225.000000,2436450.000000,2494924800.000000,5338.830603,4168.000000
612,602055000.000000,243647.000000,1218235.000000,2436470.000000,2494945280.000000,4825.999198,4179.000000
613,602060000.000000,243649.000000,1218245.000000,2436490.000000,2494965760.000000,5005.477393,4189.000000
614,602065000.000000,243651.000000,1218255.000000,2436510.000000,2494986240.000000,5018.142414,4199.000000
615,602070000.000000,243653.000000,1218265.000000,2436530.000000,2495006720.000000,4983.295876,4209.000000
616,602075000.000000,243655.000000,1218275.000000,2436550.000000,2495027200.000000,5281.867500,4220.000000
617,602080000.000000,243657.000000,1218285.000000,2436570.000000,2495047680.000000,4926.650925,4230.000000
618,602085000.000000,243659.000000,1218295.000000,2436590.000000,2495068160.000000,5323.718763,4241.000000
619,602090000.000000,243661.000000,1218305.000000,2436610.000000,2495088640.000000,5244.749333,4251.000000
620,602095000.000000,243663.000000,1218315.000000,2436630.000000,2495109120.000000,4888.343765,4261.000000
621,602100000.000000,243665.000000,1218325.000000,2436650.000000,2495129600.000000,5182.212932,4272.000000
622,602105000.000000,243667.000000,1218335.000000,2436670.000000,2495150080.000000,4842.590191,4282.000000
623,602110000.000000,243669.000000,1218345.000000,2436690.000000,2495170560.000000,5294.279109,4292.000000
624,602115000.000000,243671.000000,1218355.000000,2436710.000000,2495191040.000000,5328.398556,4303.000000
625,602120000.000000,243673.000000,1218365.000000,2436730.000000,2495211520.000000,5404.605260,4313.000000
626,602125000.000000,243675.000000,1218375.000000,2436750.000000,2495232000.000000,5357.564306,4324.000000
627,602130000.000000,243677.000000,1218385.000000,2436770.000000,2495252480.000000,5327.226190,4334.000000
628,602135000.000000,243680.000000,1218400.000000,2436800.000000,2495283200.000000,5323.415582,4345.000000
629,602140000.000000,243682.000000,1218410.000000,2436820.000000,2495303680.000000,5109.118298,4356.000000
630,602145000.000000,243684.000000,1218420.000000,2436840.000000,2495324160.000000,4879.815366,4366.000000
631,602150000.000000,243686.000000,1218430.000000,2436860.000000,2495344640.000000,4692.780352,4376.000000
632,602155000.000000,243688.000000,1218440.000000,2436880.000000,2495365120.000000,4682.710681,4386.000000
633,602160000.000000,243690.000000,1218450.000000,2436900.000000,2495385600.000000,4626.241306,4396.000000
634,602165000.000000,243692.000000,1218460.000000,2436920.000000,2495406080.000000,5327.246104,4406.000000
635,602170000.000000,243694.000000,1218470.000000,2436940.000000,2495426560.000000,5333.089332,4417.000000
636,602175000.000000,243696.000000,1218480.000000,2436960.000000,2495447040.000000,5317.412726,4427.000000
637,602180000.000000,243698.000000,1218490.000000,2436980.000000,2495467520.000000,5135.530899,4437.000000
638,602185000.000000,243700.000000,1218500.000000,2437000.000000,2495488000.000000,5354.323723,4448.000000
639,602190000.000000,243702.000000,1218510.000000,2437020.000000,2495508480.000000,5301.070792,4459.000000
640,602195000.000000,243704.000000,1218520.000000,2437040.000000,2495528960.000000,5283.446162,4469.000000
641,602200000.000000,243706.000000,1218530.000000,2437060.000000,2495549440.000000,5204.800094,4480.000000
642,602205000.000000,243708.000000,1218540.000000,2437080.000000,2495569920.000000,5199.337476,4490.000000
643,602210000.000000,243710.000000,1218550.000000,2437100.000000,2495590400.000000,5160.774619,4501.000000
644,602215000.000000,243712.000000,1218560.000000,2437120.000000,2495610880.000000,5163.349848,4511.000000
645,602220000.000000,243714.000000,1218570.000000,2437140.000000,2495631360.000000,5024.967210,4522.000000
646,602225000.000000,243716.000000,1218580.000000,2437160.000000,2495651840.000000,5243.617899,4532.000000
647,602230000.000000,243718.000000,1218590.000000,2437180.000000,2495672320.000000,4159.311466,4542.000000
648,602235000.000000,243720.000000,1218600.000000,2437200.000000,2495692800.000000,5263.656664,4552.000000
649,602240000.000000,243722.000000,1218610.000000,2437220.000000,2495713280.000000,5258.585210,4563.000000
650,602245000.000000,243724.000000,1218620.000000,2437240.000000,2495733760.000000,5305.493060,4573.000000
651,602250000.000000,243726.000000,1218630.000000,2437260.000000,2495754240.000000,5303.031650,4584.000000
652,602255000.000000,243728.000000,1218640.000000,2437280.000000,2495774720.000000,4431.751119,4593.000000
653,602260000.000000,243730.000000,1218650.000000,2437300.000000,2495795200.000000,5307.714557,4604.000000
654,602265000.000000,243732.000000,1218660.000000,2437320.000000,2495815680.000000,4863.067734,4614.000000
655,602270000.000000,243734.000000,1218670.000000,2437340.000000,2495836160.000000,5067.478669,4624.000000
656,602275000.000000,243736.000000,1218680.000000,2437360.000000,2495856640.000000,4992.875295,4635.000000
657,602280000.000000,243738.000000,1218690.000000,2437380.000000,2495877120.000000,4865.552194,4645.000000
658,602285000.000000,243740.000000,1218700.000000,2437400.000000,2495897600.000000,5259.487535,4655.000000
659,602290000.000000,243742.000000,1218710.000000,2437420.000000,2495918080.000000,5234.083336,4666.000000
660,602295000.000000,243744.000000,1218720.000000,2437440.000000,2495938560.000000,5259.729016,4676.000000
661,602300000.000000,243746.000000,1218730.000000,2437460.000000,2495959040.000000,5182.164470,4687.000000
662,602305000.000000,243748.000000,1218740.000000,2437480.000000,2495979520.000000,5238.813043,4697.000000
663,602310000.000000,243750.000000,1218750.000000,2437500.000000,2496000000.000000,5090.435387,4708.000000
664,602315000.000000,243752.000000,1218760.000000,2437520.000000,2496020480.000000,5248.441253,4718.000000
665,602320000.000000,243754.000000,1218770.000000,2437540.000000,2496040960.000000,4469.503143,4728.000000
666,602325000.000000,243756.000000,1218780.000000,2437560.000000,2496061440.000000,5157.829747,4738.000000
667,602330000.000000,243758.000000,1218790.000000,2437580.000000,2496081920.000000,5076.913539,4749.000000
668,602335000.000000,243760.000000,1218800.000000,2437600.000000,2496102400.000000,4669.090419,4760.000000
669,602340000.000000,243762.000000,1218810.000000,2437620.000000,2496122880.000000,4398.523072,4769.000000
670,602345000.000000,243765.000000,1218825.000000,2437650.000000,2496153600.000000,5114.209704,4780.000000
671,602350000.000000,243767.000000,1218835.000000,2437670.000000,2496174080.000000,4689.692477,4790.000000
672,602355000.000000,243769.000000,1218845.000000,2437690.000000,2496194560.000000,5163.981215,4801.000000
673,602360000.000000,243771.000000,1218855.000000,2437710.000000,2496215040.000000,5145.114715,4811.000000
674,602365000.000000,243773.000000,1218865.000000,2437730.000000,2496235520.000000,5179.712432,4822.000000
675,602370000.000000,243775.000000,1218875.000000,2437750.000000,2496256000.000000,4703.755295,4832.000000
676,602375000.000000,243777.000000,1218885.000000,2437770.000000,2496276480.000000,5232.541392,4843.000000
677,602380000.000000,243779.000000,1218895.000000,2437790.000000,2496296960.000000,5273.744261,4853.000000
678,602385000.000000,243781.000000,1218905.000000,2437810.000000,2496317440.000000,5250.257031,4864.000000
679,602390000.000000,243783.000000,1218915.000000,2437830.000000,2496337920.000000,5234.072711,4874.000000
680,602395000.000000,243785.000000,1218925.000000,2437850.000000,2496358400.000000,4730.775193,4884.000000
681,602400000.000000,243787.000000,1218935.000000,2437870.000000,2496378880.000000,4768.743497,4894.000000
682,602405000.000000,243789.000000,1218945.000000,2437890.000000,2496399360.000000,4716.988931,4904.000000
683,602410000.000000,243791.000000,1218955.000000,2437910.000000,2496419840.000000,4461.021084,4914.000000
684,602415000.000000,243793.000000,1218965.000000,2437930.000000,2496440320.000000,4725.103636,4924.000000
685,602420000.000000,243795.000000,1218975.000000,2437950.000000,2496460800.000000,5222.237787,4935.000000
686,602425000.000000,243797.000000,1218985.000000,2437970.000000,2496481280.000000,5207.897174,4945.000000
687,602430000.000000,243799.000000,1218995.000000,2437990.000000,2496501760.000000,5190.732425,4956.000000
688,602435000.000000,243801.000000,1219005.000000,2438010.000000,2496522240.000000,5143.929678,4966.000000
689,602440000.000000,243803.000000,1219015.000000,2438030.000000,2496542720.000000,5266.986064,4977.000000
690,602445000.000000,243805.000000,1219025.000000,2438050.000000,2496563200.000000,5245.688347,4987.000000
691,602450000.000000,243807.000000,1219035.000000,2438070.000000,2496583680.000000,4988.493551,4998.000000
692,602455000.000000,243809.000000,1219045.000000,2438090.000000,2496604160.000000,5233.636057,5008.000000
693,602460000.000000,243811.000000,1219055.000000,2438110.000000,2496624640.000000,4802.297365,5018.000000
694,602465000.000000,243813.000000,1219065.000000,2438130.000000,2496645120.000000,4694.234906,5028.000000
695,602470000.000000,243815.000000,1219075.000000,2438150.000000,2496665600.000000,5125.975433,5038.000000
696,602475000.000000,243817.000000,1219085.000000,2438170.000000,2496686080.000000,5264.536560,5049.000000
697,602480000.000000,243819.000000,1219095.000000,2438190.000000,2496706560.000000,5145.769942,5059.000000
698,602485000.000000,243821.000000,1219105.000000,2438210.000000,2496727040.000000,5182.569473,5070.000000
699,602490000.000000,243823.000000,1219115.000000,2438230.000000,2496747520.000000,5181.684221,5080.000000
700,602495000.000000,243825.000000,1219125.000000,2438250.000000,2496768000.000000,5208.921011,5091.000000
701,602500000.000000,243827.000000,1219135.000000,2438270.000000,2496788480.000000,5231.099517,5101.000000
702,602505000.000000,243829.000000,1219145.000000,2438290.000000,2496808960.000000,4703.127994,5111.000000
703,602510000.000000,243831.000000,1219155.000000,2438310.000000,2496829440.000000,5252.571750,5122.000000
704,602515000.000000,243833.000000,1219165.000000,2438330.000000,2496849920.000000,5263.985070,5132.000000
705,602520000.000000,243835.000000,1219175.000000,2438350.000000,2496870400.000000,5091.103120,5143.000000
706,602525000.000000,243837.000000,1219185.000000,2438370.000000,2496890880.000000,5275.009301,5153.000000
707,602530000.000000,243839.000000,1219195.000000,2438390.000000,2496911360.000000,5287.394175,5164.000000
708,602535000.000000,243841.000000,1219205.000000,2438410.000000,2496931840.000000,4781.305247,5173.000000
709,602540000.000000,243843.000000,1219215.000000,2438430.000000,2496952320.000000,5318.490455,5184.000000
710,602545000.000000,243845.000000,1219225.000000,2438450.000000,2496972800.000000,5312.085119,5194.000000
711,602550000.000000,243847.000000,1219235.000000,2438470.000000,2496993280.000000,4787.633469,5204.000000
712,602555000.000000,243849.000000,1219245.000000,2438490.000000,2497013760.000000,5264.376740,5215.000000
713,602560000.000000,243852.000000,1219260.000000,2438520.000000,2497044480.000000,5055.327608,5226.000000
714,602565000.000000,243854.000000,1219270.000000,2438540.000000,2497064960.000000,5055.553093,5236.000000
715,602570000.000000,243856.000000,1219280.000000,2438560.000000,2497085440.000000,5231.995045,5246.000000
716,602575000.000000,243858.000000,1219290.000000,2438580.000000,2497105920.000000,5221.310803,5257.000000
717,602580000.000000,243860.000000,1219300.000000,2438600.000000,2497126400.000000,5296.834164,5267.000000
718,602585000.000000,243862.000000,1219310.000000,2438620.000000,2497146880.000000,5270.515347,5278.000000
719,602590000.000000,243864.000000,1219320.000000,2438640.000000,2497167360.000000,5288.057637,5288.000000
720,602595000.000000,243866.000000,1219330.000000,2438660.000000,2497187840.000000,5081.382213,5299.000000
721,602600000.000000,243868.000000,1219340.000000,2438680.000000,2497208320.000000,5018.041642,5309.000000
722,602605000.000000,243870.000000,1219350.000000,2438700.000000,2497228800.000000,5122.109821,5319.000000
723,602610000.000000,243872.000000,1219360.000000,2438720.000000,2497249280.000000,4881.300806,5329.000000
724,602615000.000000,243874.000000,1219370.000000,2438740.000000,2497269760.000000,4486.465011,5339.000000
725,602620000.000000,243876.000000,1219380.000000,2438760.000000,2497290240.000000,4749.676819,5349.000000
726,602625000.000000,243878.000000,1219390.000000,2438780.000000,2497310720.000000,5204.113471,5359.000000
727,602630000.000000,243880.000000,1219400.000000,2438800.000000,2497331200.000000,5248.062730,5370.000000
728,602635000.000000,243882.000000,1219410.000000,2438820.000000,2497351680.000000,5139.203944,5380.000000
729,602640000.000000,243884.000000,1219420.000000,2438840.000000,2497372160.000000,4723.349669,5390.000000
730,602645000.000000,243886.000000,1219430.000000,2438860.000000,2497392640.000000,4688.411360,5400.000000
731,602650000.000000,243888.000000,1219440.000000,2438880.000000,2497413120.000000,4737.418616,5410.000000
732,602655000.000000,243890.000000,1219450.000000,2438900.000000,2497433600.000000,4675.758610,5420.000000
733,602660000.000000,243892.000000,1219460.000000,2438920.000000,2497454080.000000,5163.527475,5431.000000
734,602665000.000000,243894.000000,1219470.000000,2438940.000000,2497474560.000000,5094.188375,5441.000000
735,602670000.000000,243896.000000,1219480.000000,2438960.000000,2497495040.000000,5179.866759,5452.000000
736,602675000.000000,243898.000000,1219490.000000,2438980.000000,2497515520.000000,5155.825061,5462.000000
737,602680000.000000,243900.000000,1219500.000000,2439000.000000,2497536000.000000,5112.546909,5473.000000
738,602685000.000000,243902.000000,1219510.000000,2439020.000000,2497556480.000000,4395.214395,5483.000000
739,602690000.000000,243904.000000,1219520.000000,2439040.000000,2497576960.000000,4646.848999,5493.000000
740,602695000.000000,243906.000000,1219530.000000,2439060.000000,2497597440.000000,4687.536776,5503.000000
741,602700000.000000,243908.000000,1219540.000000,2439080.000000,2497617920.000000,4649.026254,5513.000000
742,602705000.000000,243910.000000,1219550.000000,2439100.000000,2497638400.000000,4450.405626,5522.000000
743,602710000.000000,243912.000000,1219560.000000,2439120.000000,2497658880.000000,4771.133145,5532.000000
744,602715000.000000,243914.000000,1219570.000000,2439140.000000,2497679360.000000,5250.944083,5543.000000
745,602720000.000000,243916.000000,1219580.000000,2439160.000000,2497699840.000000,5003.437471,5553.000000
746,602725000.000000,243918.000000,1219590.000000,2439180.000000,2497720320.000000,4643.090227,5563.000000
747,602730000.000000,243920.000000,1219600.000000,2439200.000000,2497740800.000000,4920.161709,5573.000000
748,602735000.000000,243922.000000,1219610.000000,2439220.000000,2497761280.000000,5301.605522,5584.000000
749,602740000.000000,243924.000000,1219620.000000,2439240.000000,2497781760.000000,5238.614823,5594.000000
750,602745000.000000,243926.000000,1219630.000000,2439260.000000,2497802240.000000,5335.674786,5605.000000
751,602750000.000000,243928.000000,1219640.000000,2439280.000000,2497822720.000000,5304.775633,5615.000000
752,602755000.000000,243930.000000,1219650.000000,2439300.000000,2497843200.000000,5309.270967,5626.000000
753,602760000.000000,243932.000000,1219660.000000,2439320.000000,2497863680.000000,4990.145800,5636.000000
754,602765000.000000,243934.000000,1219670.000000,2439340.000000,2497884160.000000,5206.225206,5647.000000
755,602770000.000000,243937.000000,1219685.000000,2439370.000000,2497914880.000000,5145.565560,5658.000000
756,602775000.000000,243939.000000,1219695.000000,2439390.000000,2497935360.000000,5232.554024,5669.000000
757,602780000.000000,243941.000000,1219705.000000,2439410.000000,2497955840.000000,5101.893542,5679.000000
758,602785000.000000,243943.000000,1219715.000000,2439430.000000,2497976320.000000,5055.458802,5690.000000
759,602790000.000000,243945.000000,1219725.000000,2439450.000000,2497996800.000000,4792.373331,5700.000000
760,602795000.000000,243947.000000,1219735.000000,2439470.000000,2498017280.000000,5139.681183,5711.000000
761,602800000.000000,243949.000000,1219745.000000,2439490.000000,2498037760.000000,5149.517402,5721.000000
762,602805000.000000,243951.000000,1219755.000000,2439510.000000,2498058240.000000,5275.248490,5731.000000
763,602810000.000000,243953.000000,1219765.000000,2439530.000000,2498078720.000000,5343.245577,5742.000000
764,602815000.000000,243955.000000,1219775.000000,2439550.000000,2498099200.000000,5375.390757,5752.000000
765,602820000.000000,243957.000000,1219785.000000,2439570.000000,2498119680.000000,5161.974367,5763.000000
766,602825000.000000,243959.000000,1219795.000000,2439590.000000,2498140160.000000,5328.296496,5773.000000
767,602830000.000000,243961.000000,1219805.000000,2439610.000000,2498160640.000000,5232.876294,5784.000000
768,602835000.000000,243963.000000,1219815.000000,2439630.000000,2498181120.000000,5261.989920,5794.000000
769,602840000.000000,243965.000000,1219825.000000,2439650.000000,2498201600.000000,5266.161542,5805.000000
770,602845000.000000,243967.000000,1219835.000000,2439670.000000,2498222080.000000,5311.692678,5815.000000
771,602850000.000000,243969.000000,1219845.000000,2439690.000000,2498242560.000000,5282.972624,5826.000000
772,602855000.000000,243971.000000,1219855.000000,2439710.000000,2498263040.000000,5040.337581,5836.000000
773,602860000.000000,243973.000000,1219865.000000,2439730.000000,2498283520.000000,4946.017092,5846.000000
774,602865000.000000,243975.000000,1219875.000000,2439750.000000,2498304000.000000,4811.989962,5856.000000
775,602870000.000000,243977.000000,1219885.000000,2439770.000000,2498324480.000000,5401.123125,5867.000000
776,602875000.000000,243979.000000,1219895.000000,2439790.000000,2498344960.000000,5394.426774,5878.000000
777,602880000.000000,243981.000000,1219905.000000,2439810.000000,2498365440.000000,4803.343141,5887.000000
778,602885000.000000,243983.000000,1219915.000000,2439830.000000,2498385920.000000,5148.155665,5898.000000
779,602890000.000000,243985.000000,1219925.000000,2439850.000000,2498406400.000000,5036.011370,5908.000000
780,602895000.000000,243987.000000,1219935.000000,2439870.000000,2498426880.000000,4428.803918,5918.000000
781,602900000.000000,243989.000000,1219945.000000,2439890.000000,2498447360.000000,4977.421164,5928.000000
782,602905000.000000,243991.000000,1219955.000000,2439910.000000,2498467840.000000,4892.635915,5938.000000
783,602910000.000000,243993.000000,1219965.000000,2439930.000000,2498488320.000000,4948.934501,5948.000000
784,602915000.000000,243995.000000,1219975.000000,2439950.000000,2498508800.000000,5138.386510,5959.000000
785,602920000.000000,243997.000000,1219985.000000,2439970.000000,2498529280.000000,5234.718766,5969.000000
786,602925000.000000,243999.000000,1219995.000000,2439990.000000,2498549760.000000,5292.120080,5980.000000
787,602930000.000000,244001.000000,1220005.000000,2440010.000000,2498570240.000000,5336.070474,5990.000000
788,602935000.000000,244003.000000,1220015.000000,2440030.000000,2498590720.000000,5337.978592,6001.000000
789,602940000.000000,244005.000000,1220025.000000,2440050.000000,2498611200.000000,5013.495211,6011.000000
790,602945000.000000,244007.000000,1220035.000000,2440070.000000,2498631680.000000,5039.607137,6021.000000
791,602950000.000000,244009.000000,1220045.000000,2440090.000000,2498652160.000000,5114.491272,6032.000000
792,602955000.000000,244011.000000,1220055.000000,2440110.000000,2498672640.000000,4892.231934,6042.000000
793,602960000.000000,244013.000000,1220065.000000,2440130.000000,2498693120.000000,5327.032937,6052.000000
794,602965000.000000,244015.000000,1220075.000000,2440150.000000,2498713600.000000,4821.809321,6062.000000
795,602970000.000000,244017.000000,1220085.000000,2440170.000000,2498734080.000000,4804.404346,6072.000000
796,602975000.000000,244019.000000,1220095.000000,2440190.000000,2498754560.000000,4392.298497,6081.000000
797,602980000.000000,244021.000000,1220105.000000,2440210.000000,2498775040.000000,5356.411519,6092.000000
798,602985000.000000,244024.000000,1220120.000000,2440240.000000,2498805760.000000,4914.500544,6102.000000
799,602990000.000000,244026.000000,1220130.000000,2440260.000000,2498826240.000000,4808.967979,6112.000000
800,602995000.000000,244028.000000,1220140.000000,2440280.000000,2498846720.000000,5236.084444,6123.000000
801,603000000.000000,244030.000000,1220150.000000,2440300.000000,2498867200.000000,5304.012492,6133.000000
